170.91098 74.72803
159.9167 157.65125
156.91827 242.57263
124.93493 364.45978
608.683 157.65125
312.83707 287.531
277.8553 513.3219
282.85266 622.22107
509.7345 827.0315
535.72095 624.21924
570.70276 472.35986
778.5945 134.67252
854.5549 250.56522
841.56165 435.3941
772.5976 645.1998
1124.4143 177.63275
1080.4373 301.51807
1053.4513 379.44586
1027.4648 521.3145
1016.4706 646.1989
1144.4039 641.2035
1108.4227 712.1378
1244.3519 528.30804
1300.3228 377.44775
1300.3228 273.54395
1339.3024 212.60037
1400.2706 71.730804
1442.2488 244.57077
1436.252 312.50787
1417.2618 691.1573
1510.2134 590.2507
1687.1212 88.71509
1714.1072 294.52454
1646.1426 495.33856